#1:k(h/Mpc)	2:d_g	3:d_b	4:d_cdm	5:d_ur	6:d_tot	7:phi	8:psi	9:t_g	10:t_b	11:t_cdm	12:t_ur	13:t_tot
1.045004358465e-05	0.0	-1.2	-1.2043055531091966	0.0	-1.1994915519101872	0.599898939148138	0.599898939148138	0.0	0.0	1.3102975771099865e-09	0.0	1.3050598912992869e-09
1.315582542307e-05	0.0	-1.2	-1.2043055761285273	0.0	-1.199491574837502	0.5998989391349435	0.5998989391349435	0.0	0.0	2.0766817100420885e-09	0.0	2.068380537456532e-09
1.656220293823e-05	0.0	-1.2	-1.2043056126116982	0.0	-1.199491611174838	0.5998989391140328	0.5998989391140328	0.0	0.0	3.291318705110876e-09	0.0	3.2781622331907557e-09
2.085057815424e-05	0.0	-1.2	-1.2043056704336148	0.0	-1.1994916687656214	0.5998989390808929	0.5998989390808929	0.0	0.0	5.216388609846546e-09	0.0	5.1955370070639565e-09
2.624932268897e-05	0.0	-1.2	-1.2043057620752224	0.0	-1.1994917600409079	0.5998989390283567	0.5998989390283567	0.0	0.0	8.26741879670448e-09	0.0	8.234371233403539e-09
3.304593937553e-05	0.0	-1.2	-1.2043059073173445	0.0	-1.1994919047024497	0.5998989389451073	0.5998989389451073	0.0	0.0	1.310297576943916e-08	0.0	1.3050598911338802e-08
4.160237283646e-05	0.0	-1.2	-1.2043061375106054	0.0	-1.1994921339755533	0.5998989388131587	0.5998989388131587	0.0	0.0	2.076681709624713e-08	0.0	2.0683805370408248e-08
5.237428435475e-05	0.0	-1.2	-1.2043065023423365	0.0	-1.1994924973489332	0.5998989386040419	0.5998989386040419	0.0	0.0	3.291318704061018e-08	0.0	3.278162232145094e-08
6.593531749873e-05	0.0	-1.2	-1.2043070805616698	0.0	-1.1994930732569355	0.599898938272603	0.599898938272603	0.0	0.0	5.2163886072043156e-08	0.0	5.195537004432287e-08
8.300764673387e-05	0.0	-1.2	-1.2043079969775337	0.0	-1.1994939860095872	0.5998989377473175	0.5998989377473175	0.0	0.0	8.26741879007069e-08	0.0	8.234371226796268e-08
0.0001045004358465	0.0	-1.2	-1.2043094493988027	0.0	-1.1994954326250558	0.5998989369147933	0.5998989369147933	0.0	0.0	1.3102975752777365e-07	0.0	1.305059889474361e-07
0.0001315582542307	0.0	-1.2	-1.2043117513314008	0.0	-1.1994977253560801	0.5998989355953281	0.5998989355953281	0.0	0.0	2.0766817054396888e-07	0.0	2.0683805328725296e-07
0.0001656220293823	0.0	-1.2	-1.2043153996486726	0.0	-1.1995013590898407	0.5998989335041304	0.5998989335041304	0.0	0.0	3.291318693549891e-07	0.0	3.278162221675984e-07
0.0002085057815424	0.0	-1.2	-1.2043211818418973	0.0	-1.1995071181697574	0.5998989301897899	0.5998989301897899	0.0	0.0	5.216388580807858e-07	0.0	5.195536978141345e-07
0.0002624932268897	0.0	-1.2	-1.204330346000495	0.0	-1.199516245696231	0.5998989249369423	0.5998989249369423	0.0	0.0	8.267418723760564e-07	0.0	8.234371160751205e-07
0.0003304593937553	0.0	-1.2	-1.2043448702130015	0.0	-1.1995307118507337	0.5998989166117503	0.5998989166117503	0.0	0.0	1.3102975586213753e-06	0.0	1.3050598728845808e-06
0.0004160237283646	0.0	-1.2	-1.2043678895382282	0.0	-1.1995536391602264	0.5998989034172818	0.5998989034172818	0.0	0.0	2.076681663600726e-06	0.0	2.0683804912008104e-06
0.0005237428435475	0.0	-1.2	-1.2044043727094138	0.0	-1.1995899764963045	0.5998988825056044	0.5998988825056044	0.0	0.0	3.2913185884547472e-06	0.0	3.2781621170009393e-06
0.0006593531749873	0.0	-1.2	-1.2044621946373169	0.0	-1.1996475672911453	0.5998988493632216	0.5998988493632216	0.0	0.0	5.216388316815765e-06	0.0	5.1955367152045135e-06
0.0008300764673387	0.0	-1.2	-1.2045538362128982	0.0	-1.1997388425455273	0.5998987968370582	0.5998987968370582	0.0	0.0	8.267418060655098e-06	0.0	8.234370500296388e-06
0.001045004358465	0.0	-1.2	-1.2046990783113205	0.0	-1.1998835040640177	0.5998987135911389	0.5998987135911389	0.0	0.0	1.3102973920595413e-05	0.0	1.3050597069885485e-05
0.001315582542307	0.0	-1.2	-1.204929271497045	0.0	-1.2001127770926698	0.5998985816613964	0.5998985816613964	0.0	0.0	2.0766812452268728e-05	0.0	2.0683800744993338e-05
0.001656220293823	0.0	-1.2	-1.205294103041415	0.0	-1.2004761502866341	0.5998983725822642	0.5998983725822642	0.0	0.0	3.2913175375901974e-05	0.0	3.278161070337037e-05
0.002085057815424	0.0	-1.2	-1.2058723219001475	0.0	-1.2010520578164252	0.5998980412529181	0.5998980412529181	0.0	0.0	5.216385677335304e-05	0.0	5.195534086274915e-05
0.002624932268897	0.0	-1.2	-1.2067887366002692	0.0	-1.2019648093087723	0.5998975162285829	0.5998975162285829	0.0	0.0	8.26741143123609e-05	0.0	8.234363897377326e-05
0.003304593937553	0.0	-1.2	-1.2082411549330594	0.0	-1.2034114218528427	0.5998966843653862	0.5998966843653862	0.0	0.0	0.00013102957270878595	0.0	0.00013050580486723005
0.004160237283646	0.0	-1.2	-1.2105430801323886	0.0	-1.2057041455080613	0.5998953665644189	0.5998953665644189	0.0	0.0	0.00020766770640543206	0.0	0.00020683759100402892
0.005237428435475	0.0	-1.2	-1.2141913788606804	0.0	-1.2093378607991123	0.5998932795300292	0.5998932795300292	0.0	0.0	0.00032913070391254486	0.0	0.0003278150613838068
0.006593531749873	0.0	-1.2	-1.2199735254937105	0.0	-1.215096894310433	0.5998899756651815	0.5998899756651815	0.0	0.0	0.0005216359322954129	0.0	0.0005195507837240777
0.008300764673387	0.0	-1.2	-1.2291375672421112	0.0	-1.2242243044018173	0.5998847490725492	0.5998847490725492	0.0	0.0	0.0008267345297926106	0.0	0.0008234298028423701
0.01045004358465	0.0	-1.2	-1.243661486709618	0.0	-1.2386901670368613	0.5998764897177982	0.5998764897177982	0.0	0.0	0.0013102791413278896	0.0	0.0013050415292110104
0.01315582542307	0.0	-1.2	-1.2666800779880427	0.0	-1.2616167455152718	0.5998634600873561	0.5998634600873561	0.0	0.0	0.0020766355063554483	0.0	0.0020683345184610625
0.01656220293821	0.0	-1.2	-1.3031614138300152	0.0	-1.2979522535861847	0.5998429604052173	0.5998429604052173	0.0	0.0	0.0032912030620387755	0.0	0.0032780470523816464
0.02085057798751	0.0	-1.2	-1.3609787617455895	0.0	-1.3555384867473095	0.599810844742799	0.599810844742799	0.0	0.0	0.005216099683461715	0.0	0.0051952492356119075
0.02624919587758	0.0	-1.2	-1.4526065707730857	0.0	-1.4468000296047443	0.5997608669236225	0.5997608669236225	0.0	0.0	0.008266619826999118	0.0	0.008233575457440091
0.0330283993405	0.0	-1.2	-1.5974054235654913	0.0	-1.5910200742623222	0.5996841112016826	0.5996841112016826	0.0	0.0	0.01308729242102566	0.0	0.013034978254372562
0.04101903307778	0.0	-1.2	-1.8105840157772448	0.0	-1.8033465222687608	0.5995758313318259	0.5995758313318259	0.0	0.0	0.02018438013122338	0.0	0.020103696595469425
0.04775953346591	0.0	-1.2	-2.026161445073778	0.0	-2.0180622184275254	0.59947171353733	0.59947171353733	0.0	0.0	0.027361217735324354	0.0	0.027251846044191525
0.05264729452353	0.0	-1.2	-2.2029416349913205	0.0	-2.194135760398434	0.599390120692726	0.599390120692726	0.0	0.0	0.03324636817337226	0.0	0.03311347162080209
0.05667735402054	0.0	-1.2	-2.361633730887037	0.0	-2.3521935123455218	0.5993196202199427	0.5993196202199427	0.0	0.0	0.03852929378337459	0.0	0.038375279657979836
0.06027533618215	0.0	-1.2	-2.5131866629179678	0.0	-2.5031406379890067	0.5992545957641099	0.5992545957641099	0.0	0.0	0.04357450449568615	0.0	0.0434003230212697
0.06363090491853	0.0	-1.2	-2.662922555421484	0.0	-2.652277987403366	0.5991924603550486	0.5991924603550486	0.0	0.0	0.04855918043243248	0.0	0.048365073586191396
0.06684441534581	0.0	-1.2	-2.813912260781038	0.0	-2.8026641377757633	0.5991318327699585	0.5991318327699585	0.0	0.0	0.053585551583797394	0.0	0.053371352696390456
0.06997602752001	0.0	-1.2	-2.968200051350002	0.0	-2.9563351898377315	0.5990718908868732	0.5990718908868732	0.0	0.0	0.058721670445375046	0.0	0.0584869408194906
0.07306525165051	0.0	-1.2	-3.1273099227320316	0.0	-3.114809047286561	0.5990121077150361	0.5990121077150361	0.0	0.0	0.06401826787120124	0.0	0.06376236602179532
0.0761399293559	0.0	-1.2	-3.2924847041340377	0.0	-3.279323571336384	0.5989521283871292	0.5989521283871292	0.0	0.0	0.0695167134965981	0.0	0.06923883257073188
0.07922083021269	0.0	-1.2	-3.464811685558152	0.0	-3.450961705737369	0.5988917067532515	0.5988917067532515	0.0	0.0	0.0752531980658152	0.0	0.07495238654436796
0.08232420556971	0.0	-1.2	-3.6452946080062114	0.0	-3.630723179211933	0.5988306700966182	0.5988306700966182	0.0	0.0	0.0812611300707387	0.0	0.08093630288997593
0.08546330160736	0.0	-1.2	-3.8348980934829795	0.0	-3.8195687578567803	0.598768898302211	0.598768898302211	0.0	0.0	0.08757261485119629	0.0	0.08722255861189251
0.08864930312292	0.0	-1.2	-4.034576953025125	0.0	-4.0184494360181535	0.598706310969358	0.598706310969358	0.0	0.0	0.09421943025114184	0.0	0.09384280452768819
0.09189194743757	0.0	-1.2	-4.245296755920321	0.0	-4.2283269232890675	0.5986428591260812	0.5986428591260812	0.0	0.0	0.10123371133945092	0.0	0.10082904725191091
0.09519993776186	0.0	-1.2	-4.468049138451754	0.0	-4.45018889205979	0.598578519718718	0.598578519718718	0.0	0.0	0.1086484599965055	0.0	0.10821415674568732
0.09858122959333	0.0	-1.2	-4.703863844595173	0.0	-4.685060970084301	0.5985132918222162	0.5985132918222162	0.0	0.0	0.11649794569883344	0.0	0.11603226549929567
0.1020432338621	0.0	-1.2	-4.953818688852288	0.0	-4.934016663489006	0.5984471939337986	0.5984471939337986	0.0	0.0	0.12481803712593714	0.0	0.12431909881345408
0.105592963791	0.0	-1.2	-5.219048178108063	0.0	-5.198185944165659	0.5983802619474735	0.5983802619474735	0.0	0.0	0.13364648912231933	0.0	0.13311226061426568
0.1092371426596	0.0	-1.2	-5.500751263126818	0.0	-5.478762970282216	0.5983125475459375	0.5983125475459375	0.0	0.0	0.14302320068305227	0.0	0.14245149040753555
0.1129822837582	0.0	-1.2	-5.800198528891105	0.0	-5.777013247879581	0.598244116831825	0.598244116831825	0.0	0.0	0.15299045425757718	0.0	0.15237890162599496
0.1168347501505	0.0	-1.2	-6.118739032871095	0.0	-6.09428044180621	0.5981750490755161	0.5981750490755161	0.0	0.0	0.1635931433333148	0.0	0.16293920830318634
0.1208007995279	0.0	-1.2	-6.457806937244947	0.0	-6.4319929814273324	0.5981054354945057	0.5981054354945057	0.0	0.0	0.1748789931610805	0.0	0.17417994491656685
0.1248866179252	0.0	-1.2	-6.818928041845935	0.0	-6.791670567457764	0.598035378005471	0.598035378005471	0.0	0.0	0.18689877817757014	0.0	0.1861516829408859
0.1290983450694	0.0	-1.2	-7.203726300881849	0.0	-7.174930662631863	0.5979649879124785	0.5979649879124785	0.0	0.0	0.19970653889010842	0.0	0.1989082468659747
0.1334420934736	0.0	-1.2	-7.613930394107653	0.0	-7.583495036609069	0.5978943845095736	0.5978943845095736	0.0	0.0	0.2133598005769441	0.0	0.212506932022825
0.1379239629445	0.0	-1.2	-8.051380418709345	0.0	-8.019196431108124	0.5978236935916564	0.5978236935916564	0.0	0.0	0.22791979600887644	0.0	0.22700872641492495
0.142550051882	0.0	-1.2	-8.518034770879316	0.0	-8.48398541397454	0.5977530458787551	0.5977530458787551	0.0	0.0	0.2434516944882847	0.0	0.24247853884174486
0.1473264665541	0.0	-1.2	-9.015977294021162	0.0	-8.979937498811712	0.5976825753694585	0.5976825753694585	0.0	0.0	0.26002483976615554	0.0	0.258985435864733
0.1522593294067	0.0	-1.2	-9.547424783969205	0.0	-9.509260620199619	0.5976124176473404	0.5976124176473404	0.0	0.0	0.2777129998449125	0.0	0.27660289061160176
0.1573547873875	0.0	-1.2	-10.11473495966936	0.0	-10.074303072514308	0.5975427081710554	0.5975427081710554	0.0	0.0	0.29659463227565774	0.0	0.29540904701308995
0.1626190212143	0.0	-1.2	-10.720415030661474	0.0	-10.677562043163206	0.597473580582455	0.597473580582455	0.0	0.0	0.3167531693200014	0.0	0.31548700382490774
0.1680582564854	0.0	-1.2	-11.367131019937622	0.0	-11.32169289817691	0.5974051650697224	0.5974051650697224	0.0	0.0	0.3382773282528027	0.0	0.3369251236900965
0.1736787775114	0.0	-1.2	-12.057718032965264	0.0	-12.009519410183733	0.597337586821397	0.597337586821397	0.0	0.0	0.36126145315397334	0.0	0.3598173735645791
0.1794869447334	0.0	-1.2	-12.79519170047062	0.0	-12.744045155452541	0.5972709646053835	0.5972709646053835	0.0	0.0	0.38580589576227503	0.0	0.38426370404856125
0.1854892165853	0.0	-1.2	-13.582761064931997	0.0	-13.528466348874574	0.5972054095022041	0.5972054095022041	0.0	0.0	0.41201744437343124	0.0	0.41037047657019743
0.1916921766519	0.0	-1.2	-14.423843228606765	0.0	-14.36618643343749	0.5971410238159659	0.5971410238159659	0.0	0.0	0.4400098113580763	0.0	0.43825094895477257
0.1981025669786	0.0	-1.2	-15.322080136128015	0.0	-15.260832795736526	0.5970779001800366	0.5970779001800366	0.0	0.0	0.46990419171252445	0.0	0.4680258317427614
0.2047273284017	0.0	-1.2	-16.281357928171463	0.0	-16.216276042278498	0.5970161208662846	0.5970161208662846	0.0	0.0	0.5018299071674175	0.0	0.49982392972376477
0.2115736488004	0.0	-1.2	-17.305829377043278	0.0	-17.23665234538727	0.5969557573008438	0.5969557573008438	0.0	0.0	0.5359251528538712	0.0	0.5337828856179881
0.2186490202307	0.0	-1.2	-18.399940003422547	0.0	-18.32638945554913	0.5968968697806759	0.5968968697806759	0.0	0.0	0.5723378664680041	0.0	0.570050045766437
0.2259613059969	0.0	-1.2	-19.568458580002652	0.0	-19.490237083121155	0.5968395073809483	0.5968395073809483	0.0	0.0	0.6112267434197621	0.0	0.6087834712218613
0.2335188188673	0.0	-1.2	-20.81651285922387	0.0	-20.73330248324845	0.5967837080368202	0.5967837080368202	0.0	0.0	0.65276242582637	0.0	0.650153121989413
0.2413304118541	0.0	-1.2	-22.14963152519604	0.0	-22.061092240091334	0.5967294987798909	0.5967294987798909	0.0	0.0	0.6971288986323879	0.0	0.6943422475659569
0.2494055832844	0.0	-1.2	-23.573793576573603	0.0	-23.479561452300953	0.5966768961066444	0.5966768961066444	0.0	0.0	0.744525133016086	0.0	0.7415490237772149
0.2577545983082	0.0	-1.2	-25.095486610849395	0.0	-24.995171784331774	0.5966259064541476	0.5966259064541476	0.0	0.0	0.7951670260177057	0.0	0.7919884846527013
0.266388629552	0.0	-1.2	-26.721775820208347	0.0	-26.614960186496425	0.5965765267575366	0.5965765267575366	0.0	0.0	0.8492896966292685	0.0	0.8458948093373148
0.2753199203806	0.0	-1.2	-28.46038595151232	0.0	-28.34662052732978	0.5965287450642669	0.5965287450642669	0.0	0.0	0.9071502133093073	0.0	0.9035240387033046
0.2845619752242	0.0	-1.2	-30.3197990622287	0.0	-30.198600958755318	0.5964825411795733	0.5964825411795733	0.0	0.0	0.9690308471622467	0.0	0.9651573155256346
0.2941297827465	0.0	-1.2	-32.309371669882275	0.0	-32.18022059725249	0.5964378873194168	0.5964378873194168	0.0	0.0	1.035242970506002	0.0	1.0311047674657392
0.3040400793718	0.0	-1.2	-34.43947591156857	0.0	-34.301810119109575	0.5963947487484269	0.5963947487484269	0.0	0.0	1.1061317544611438	0.0	1.1017101858828948
0.3143116630141	0.0	-1.2	-36.72167069966381	0.0	-36.57488223196854	0.5963530843807662	0.5963530843807662	0.0	0.0	1.1820818647731277	0.0	1.1773566988883954
0.3249657699694	0.0	-1.2	-39.168910716868695	0.0	-39.01233983444762	0.5963128473229277	0.5963128473229277	0.0	0.0	1.2635244168778634	0.0	1.2584736986094605
0.336026532163	0.0	-1.2	-41.79580363971533	0.0	-41.628732211442255	0.5962739853382538	0.5962739853382538	0.0	0.0	1.3509455359483231	0.0	1.3455453670185513
0.3475215377466	0.0	-1.2	-44.61892951035837	0.0	-44.440573129283116	0.596236441211841	0.596236441211841	0.0	0.0	1.4448969851562414	0.0	1.4391212617104518
0.3594825261125	0.0	-1.2	-47.65724113814107	0.0	-47.466739636766945	0.59620015299197	0.59620015299197	0.0	0.0	1.546009490501631	0.0	1.5398295874681025
0.371946259776	0.0	-1.2	-50.93257148249004	0.0	-50.72897741987667	0.5961650540811887	0.5961650540811887	0.0	0.0	1.6550096258445006	0.0	1.6483940137993527
0.3849556318996	0.0	-1.2	-54.470284205244404	0.0	-54.252548753641236	0.5961310731418593	0.5961310731418593	0.0	0.0	1.7727414624333437	0.0	1.76565523792524
0.3985610920192	0.0	-1.2	-58.30011865273725	0.0	-58.0670741065487	0.5960981337712404	0.5960981337712404	0.0	0.0	1.9001946888078165	0.0	1.892598992278264
0.4128225078707	0.0	-1.2	-62.45730314871578	0.0	-62.20764098327233	0.596066153881202	0.596066153881202	0.0	0.0	2.0385416597440367	0.0	2.030392945350997
0.4278116347586	0.0	-1.2	-66.9840451328683	0.0	-66.7162881066289	0.5960350446924503	0.5960350446924503	0.0	0.0	2.189186986140072	0.0	2.1804360933546607
0.4436154468712	0.0	-1.2	-71.93156100225346	0.0	-71.64402714507122	0.5960047092067989	0.5960047092067989	0.0	0.0	2.353835085523784	0.0	2.3444260407056086
0.4603407166648	0.0	-1.2	-77.36289585799176	0.0	-77.05365118793463	0.5959750399521595	0.5959750399521595	0.0	0.0	2.5345840195959655	0.0	2.5244524624692675
0.4781204433006	0.0	-1.2	-83.35692783619804	0.0	-83.0237230697555	0.5959459156806762	0.5959459156806762	0.0	0.0	2.7340587532182474	0.0	2.7231298306685052
0.4971230923704	0.0	-1.2	-90.01419839661052	0.0	-89.65438235333941	0.5959171965073223	0.5959171965073223	0.0	0.0	2.955605178930176	0.0	2.9437906632215713
0.5175662374722	0.0	-1.2	-97.46564653634893	0.0	-97.07604463002468	0.5958887166422713	0.5958887166422713	0.0	0.0	3.2035807803642387	0.0	3.190775025480869
0.5397373296645	0.0	-1.2	-105.88612963882936	0.0	-105.46286832136403	0.5958602732718322	0.5958602732718322	0.0	0.0	3.483804588726275	0.0	3.4698786880908883
0.5640264636752	0.0	-1.2	-115.51616751202485	0.0	-115.05441179938849	0.5958316090094143	0.5958316090094143	0.0	0.0	3.804280796437635	0.0	3.7890738481111588
0.5909802579993	0.0	-1.2	-126.69851095325654	0.0	-126.19205577494483	0.5958023831070794	0.5958023831070794	0.0	0.0	4.176415711931275	0.0	4.159721219248008
0.62139487345	0.0	-1.2	-139.94299205555234	0.0	-139.3835943762764	0.5957721219422388	0.5957721219422388	0.0	0.0	4.617175894356616	0.0	4.598719539792705
0.656486087089	0.0	-1.2	-156.04906341437152	0.0	-155.42528452666178	0.5957401288533837	0.5957401288533837	0.0	0.0	5.153166100457875	0.0	5.132567218619081
0.6982219281722	0.0	-1.2	-176.35570246570558	0.0	-175.6507513335529	0.5957053083184298	0.5957053083184298	0.0	0.0	5.828945778504011	0.0	5.8056455853808995
0.7500251855384	0.0	-1.2	-203.29962197672796	0.0	-202.48696723024153	0.5956657943770259	0.5956657943770259	0.0	0.0	6.725605592169339	0.0	6.698721157981371
0.8183767175634	0.0	-1.2	-241.79750890267516	0.0	-240.8309655742235	0.5956180935654154	0.5956180935654154	0.0	0.0	8.006766540708922	0.0	7.974760889296247
0.9166038834354	0.0	-1.2	-302.9921540129019	0.0	-301.7809957740788	0.5955549765165791	0.5955549765165791	0.0	0.0	10.043246294011375	0.0	10.00310017031669
1.07191367534	0.0	-1.2	-413.8690836059049	0.0	-412.2147141981013	0.5954608526126386	0.5954608526126386	0.0	0.0	13.73308818393345	0.0	13.678192561462161
1.319167460364	0.0	-1.2	-626.0535795133792	0.0	-623.5510396266862	0.5953102095359155	0.5953102095359155	0.0	0.0	20.79431444875685	0.0	20.71119280705184
1.65796389522	0.0	-1.2	-987.8586992188522	0.0	-983.9099065306395	0.595082855612682	0.595082855612682	0.0	0.0	32.83472060435525	0.0	32.703469541076146
2.087200211132	0.0	-1.2	-1563.9898377091765	0.0	-1557.7380613767227	0.5947442155989205	0.5947442155989205	0.0	0.0	52.00761810738872	0.0	51.79972673357563
2.627629188978	0.0	-1.2	-2475.915316284944	0.0	-2466.018277057258	0.5942281331907852	0.5942281331907852	0.0	0.0	82.35531489444125	0.0	82.02611390087024
3.307989158674	0.0	-1.2	-3918.125983314021	0.0	-3902.4639587282772	0.5934337168014477	0.5934337168014477	0.0	0.0	130.35021344991043	0.0	129.82916122838827
4.164511613794	0.0	-1.2	-6196.3145100111105	0.0	-6171.545824519607	0.5922096580951939	0.5922096580951939	0.0	0.0	206.16536784134007	0.0	205.34125777606624
5.242809498317	0.0	-1.2	-9788.653429852273	0.0	-9749.524996684844	0.5903307507156802	0.5903307507156802	0.0	0.0	325.71373662400316	0.0	324.4117528254616
6.600306106627	0.0	-1.2	-15438.015289587362	0.0	-15376.304518660058	0.5874665139322641	0.5874665139322641	0.0	0.0	513.7171484372445	0.0	511.66365382190884
8.309293083253	0.0	-1.2	-24286.810470295815	0.0	-24189.728185470114	0.5831418973912277	0.5831418973912277	0.0	0.0	808.1935272897786	0.0	804.9629147601261
10.46078021655	0.0	-1.2	-38065.6584806544	0.0	-37913.4976564401	0.5766930946327574	0.5766930946327574	0.0	0.0	1266.735624251662	0.0	1261.6720697423998
13.16934204181	0.0	-1.2	-59339.12283669742	0.0	-59101.92505267447	0.5672275923284581	0.5672275923284581	0.0	0.0	1974.6887488312404	0.0	1966.7952753020336
16.57921935305	0.0	-1.2	-91787.3522165567	0.0	-91420.44830045033	0.553607685899827	0.553607685899827	0.0	0.0	3054.523411669178	0.0	3042.313487594499
20.87200055126	0.0	-1.2	-140448.9602211553	0.0	-139887.5400224701	0.5344901634718203	0.5344901634718203	0.0	0.0	4673.91803602607	0.0	4655.234864656967
26.27629188896	0.0	-1.2	-211758.11083946918	0.0	-210911.64476045014	0.50846662740458	0.50846662740458	0.0	0.0	7046.993103142419	0.0	7018.8239784876705
33.07989158674	0.0	-1.2	-313092.12037887087	0.0	-311840.5892877677	0.4743460648532644	0.4743460648532644	0.0	0.0	10419.255929565881	0.0	10377.606772997417
41.64511613794	0.0	-1.2	-451482.48877588025	0.0	-449677.76634751674	0.43158322589326414	0.43158322589326414	0.0	0.0	15024.705481451301	0.0	14964.64684432575
52.42809498317	0.0	-1.2	-631300.1647485915	0.0	-628776.6525533779	0.3807674831801168	0.3807674831801168	0.0	0.0	21008.801056635362	0.0	20924.822042160766
66.00306106627	0.0	-1.2	-851289.145004451	0.0	-847886.2652666843	0.3239673461706724	0.3239673461706724	0.0	0.0	28329.744403839075	0.0	28216.501196435755
83.09293083253	0.0	-1.2	-1102216.6547061543	0.0	-1097810.7360556715	0.2646617823011547	0.2646617823011547	0.0	0.0	36680.28087060162	0.0	36533.65785152212
104.6078021655	0.0	-1.2	-1366974.7734369047	0.0	-1361510.5304286818	0.20710226101501403	0.20710226101501403	0.0	0.0	45491.081422486735	0.0	45309.23876640439
131.6934204181	0.0	-1.2	-1624206.1483069984	0.0	-1617713.6677855875	0.15526212955901694	0.15526212955901694	0.0	0.0	54051.40160474773	0.0	53835.34056321086
165.7921935305	0.0	-1.2	-1854311.82664183	0.0	-1846899.5388434841	0.11184258263120145	0.11184258263120145	0.0	0.0	61709.014259316806	0.0	61462.34324807128
208.7200055126	0.0	-1.2	-2044740.5387323287	0.0	-2036567.0454027432	0.07781487881081703	0.07781487881081703	0.0	0.0	68046.22982330956	0.0	67774.22689920796
